 1  1  8
1   3  8
1   5 8
1  1 8
 1  3 8
1  8 8
1  8 8
0  0  8
1  5  8
1  10 4
1  10 4
1  10 8
1  10 8
1  8 8
1  8 8
1  5 8
0 0 8
1  1 12
1  1 4
1  1  8
1  10  8
1  10  8
1  8  8
1   5  8
1  8  8
0 0 8
1  3  4
1  3  8
1  5  4
1  5  4
1  3  4
1  1  4
1  5  4
1  3   16
0 0 16
1  1  8
1  3  8
1  5  8
1  1 8
1  3 8
1  8  8
1  8 8
0 0  8
1  5  8
1  10 8
1  10  8
2  1  8
1  12  8
1  10  8
1  8 8
0 0 8
1  1 12
1  1  4
1  1 8
1  10  8
1  8  8
1  8  8
1  5  8
0 0 8
1  3  4
1  3  8
1  5  4
1  5  4
1  3 4
1  1 4
1  3 4
1  1 16
0 0 12
1  8 4
2  1 12
2  1  4
2  1 4
1  8  4
1  5  4
2 1  4
1  12  16 
0 0 12
1  5  4
1  10  12
1  10  4
1  10 4
1  8 4
1  10 4
1  12 4
1  8 16
0 0 16
1  5 8
1  8 4
1  8  4
1  8  8
2  1  8
2  3 12
2  3 4
1  10  16
1  8  4
1  8 4
1  8  4
1  10  4
1  12 4
1  10 4
1  12 4
2  1 4
2  3 24
0 0 4
1  8 4
2  1  12
2  1  4
2  1 4
1  8  4
1  5 4
2  1  4
1  12  16
0 0 12
1   5  4
1  10  12
1  10  4
1  10  4
1  8  4
1  10  4
 1  12  4
1  8 16
0 0 16
1  5  8
1  8  4
1  8  4
1  8  8
2 1 8
2  3  12
 2  3 4
1  10  16
1  8  4
1  8  4
1  8  4
1  10 4
1  12  4
2  1   4
2  1  4
2  3  4
2  1  32
 